((("Help" .
   [1 0 0 0])
  ("Script" .
   [1 0 0 0 0 0])
  ("M-h" .
   [1 0 0])
  ("M-z" .
   [1 0 0])
  ("M-a" .
   [1 0 0])
  ("M-e" .
   [1 0 0])
  ("C-M-@" .
   [1 0 0 0 0])
  ("C-M-q" .
   [1 0 0 0 0])
  ("C-c" .
   [3 0 0])
  ("Intending" .
   [0 0 0 0 0 1 0 0 0])
  ("C-M-h" .
   [2 0 0 0 0])
  ("C-M-f" .
   [2 0 0 0 0])
  ("C-M-b" .
   [1 0 0 0 0])
  ("C-M-a" .
   [2 0 0 0 0])
  ("C-M-e" .
   [1 0 0 0 0])
  ("M-y" .
   [1 0 0])
  ("Yanking" .
   [0 0 0 0 1 0 0])
  ("C-x" .
   [3 0 0])
  ("~/Dropbox/config/emacs/e4_pyEmacs" .
   [0 0 0 0 0 1 0 0 0 0 0 0 0 0 0 0 0 0 0 0 0 0 0 0 0 0 0 0 0 0 0 0 0])
  ("Windows" .
   [1 0 0 0 2 0 0])
  ("List" .
   [2 0 0 0])
  ("r-base-core" .
   [0 0 0 0 0 0 1 0 0 0 0])
  ("Academic" .
   [0 0 1 0 0 0 0 0])
  ("Mendeley" .
   [0 0 1 1 2 0 0 0])
  ("SNS" .
   [1 0 0])
  ("install" .
   [1 0 0 0 0 0 0])
  ("apt-get" .
   [0 0 0 1 0 0 0])
  ("Rstudio" .
   [1 0 0 1 1 0 0])
  ("kde" .
   [1 0 0])
  ("base" .
   [1 0 0 0])
  ("|--------+-----+-------------------+-------------------------------------+--------+------------------+------------------|" .
   [0 0 2 0 0 0 0 0 0 0 0 0 0 0 0 0 0 0 0 0 0 0 0 0 0 0 0 0 0 0 0 0 0 0 0 0 0 0 0 0 0 0 0 0 0 0 0 0 0 0 0 0 0 0 0 0 0 0 0 0 0 0 0 0 0 0 0 0 0 0 0 0 0 0 0 0 0 0 0 0 0 0 0 0 0 0 0 0 0 0 0 0 0 0 0 0 0 0 0 0 0 0 0 0 0 0 0 0 0 0 0 0 0 0 0 0 0 0 0 0 0])
  ("Linux" .
   [3 0 0 0 0])
  ("qgis" .
   [2 0 0 0])
  ("head" .
   [1 0 0 0])
  ("as.data.frame" .
   [0 0 0 0 0 0 0 1 0 0 0 0 0])
  ("source" .
   [0 0 0 1 1 0])
  ("layer=" .
   [0 0 0 0 0 1])
  ("dsn=" .
   [0 0 0 1])
  ("Polygon" .
   [1 0 0 0 0 0 0])
  ("Point" .
   [0 0 0 0 1])
  ("Lines" .
   [1 0 0 0 0])
  ("ggplot" .
   [1 0 0 0 0 0])
  ("gstat" .
   [1 0 0 0 0])
  ("ggplot2" .
   [0 0 0 0 0 0 1])
  ("ggmap" .
   [0 0 2 0 0])
  ("SpatialPolygonsDataFrame" .
   [0 0 0 1 0 0 0 0 0 0 0 0 0 0 0 0 0 0 0 0 0 0 0 0])
  ("SPDF" .
   [1 0 0 0])
  ("SpatialPolygons" .
   [0 0 0 1 0 0 0 0 0 0 0 0 0 0 0])
  ("SpatialLinesDataFrame" .
   [0 0 1 0 0 0 0 0 0 0 0 0 0 0 0 0 0 0 0 0 0])
  ("SpatialLines" .
   [0 0 1 0 0 0 0 0 0 0 0 0])
  ("SLDF" .
   [1 0 1 0])
  ("SpatialPointsDataFrame" .
   [0 0 0 1 0 0 0 0 0 0 0 0 0 0 0 0 0 0 0 0 0 0])
  ("spdf" .
   [0 0 0 1])
  ("SpatailPoints" .
   [0 0 0 1 0 0 0 0 0 0 0 0 0])
  ("sp" .
   [1 0])
  ("SP" .
   [2 2])
  ("frame" .
   [2 0 0 0 0])
  ("data" .
   [3 0 0 0])
  ("vector" .
   [0 0 0 0 0 1])
  ("matrix" .
   [1 0 0 0 0 0])
  ("Class" .
   [1 0 0 0 0])
  ("Alias" .
   [1 0 0 0 0])
  ("Classed" .
   [0 0 0 0 0 1 0])
  ("list" .
   [1 0 0 0])
  ("for" .
   [1 0 0])
  ("|--------+------------------+-----+---------------+------+----+------+----+------|" .
   [0 0 2 0 0 0 0 0 0 0 0 0 0 0 0 0 0 0 0 0 0 0 0 0 0 0 0 0 0 0 0 0 0 0 0 0 0 0 0 0 0 0 0 0 0 0 0 0 0 0 0 0 0 0 0 0 0 0 0 0 0 0 0 0 0 0 0 0 0 0 0 0 0 0 0 0 0 0 0 0 0 0])
  ("html" .
   [1 0 0 0])
  ("Rmd/Org" .
   [0 0 0 1 0 0 0])
  ("to" .
   [4 0])
  ("|----------+---+---+---+---|" .
   [0 0 1 0 0 0 0 0 0 0 0 0 0 0 0 0 0 0 0 0 0 0 0 0 0 0 0 0])
  ("Org-babel" .
   [0 0 0 1 0 0 1 1 0])
  ("clone" .
   [2 0 0 0 0])
  ("git" .
   [3 0 0])
  ("2:-" .
   [1 0 0])
  ("*.R" .
   [1 0 0])
  ("bib" .
   [1 0 0])
  ("reftex" .
   [1 0 0 0 0 0])
  ("Org" .
   [1 0 0])
  ("gui" .
   [1 0 0])
  ("tian" .
   [1 0 0 0])
  ("lisp" .
   [1 0 0 0])
  ("/bin/R" .
   [2 0 0 0 0 0])
  ("-siv" .
   [1 0 0 0])
  ("sudo" .
   [3 0 0 0])
  ("Grants" .
   [1 0 0 0 0 0])
  ("Travel" .
   [0 0 0 1 0 0])
  ("paper" .
   [1 0 0 0 0])
  ("Full" .
   [2 0 0 0])
  ("Proceding" .
   [1 0 0 0 0 0 0 0 0])
  ("Folder" .
   [1 0 0 0 0 0])
  ("Acceptance" .
   [0 0 0 1 0 0 0 0 0 0])
  ("Abstract" .
   [1 0 0 0 0 0 0 0])
  ("table" .
   [1 0 0 0 0])
  ("url" .
   [2 0 0])
  ("XML" .
   [1 0 0])
  ("ESS" .
   [2 0 0])
  ("color" .
   [3 0 0 0 0])
  ("show-paren-mode" .
   [0 0 0 0 1 0 0 0 0 0 0 0 0 0 0])
  ("org" .
   [8 0 0])
  ("emacs-lisp" .
   [0 0 0 1 0 0 0 0 0 0])
  ("Rules" .
   [1 0 0 0 0])
  ("Align" .
   [1 0 0 0 0])
  ("nil" .
   [1 0 0])
  ("indent-tabs-mode" .
   [0 0 0 0 0 0 0 0 0 0 1 0 0 0 0 0])
  ("setq-default" .
   [0 0 0 0 0 1 0 0 0 0 0 0])
  ("this" .
   [1 0 0 0])
  ("library" .
   [1 0 1 6 0 0 1])
  ("ido-mode" .
   [0 0 0 1 0 0 0 0])
  ("Undo" .
   [1 0 0 0])
  ("Redo" .
   [1 0 0 0])
  ("global-set-key" .
   [0 0 0 0 0 0 0 0 1 0 0 0 0 0])
  ("Tohokuden" .
   [2 0 0 0 0 0 0 0 0])
  ("TEPCO" .
   [1 0 0 0 0])
  ("CEPCO" .
   [1 0 0 0 0])
  ("Chuden" .
   [1 0 0 0 0 0])
  ("Hokuden" .
   [1 0 0 0 0 0 0])
  ("HEPCO" .
   [1 0 0 0 0])
  ("Kyuden" .
   [1 0 0 0 0 0])
  ("Power" .
   [1 0 0 0 0])
  ("Company" .
   [1 0 0 0 1 0 0])
  ("KEPCO" .
   [2 0 0 0 0])
  ("Okiden" .
   [1 0 0 0 0 0])
  ("phd.sourceDir" .
   [2 0 0 0 0 0 0 0 0 1 0 0 0])
  ("phd.sourceFun" .
   [1 0 0 0 0 0 0 0 0 0 0 0 0])
  ("Report" .
   [1 0 0 0 0 0])
  ("Funds" .
   [1 0 0 0 0])
  ("Photos" .
   [2 0 0 0 0 0])
  ("05_Gains" .
   [1 0 0 0 0 0 0 0])
  ("get" .
   [1 0 0])
  ("~/Dropbox/config/emacs/00_setEmacs/00_initEmacs/orgEmacs/e03_colors.org" .
   [0 0 0 0 0 0 0 0 0 0 0 0 0 0 0 0 0 0 0 0 0 0 0 0 0 0 0 0 0 0 0 0 0 0 0 0 0 0 0 0 0 0 0 0 0 0 0 0 0 0 0 0 0 0 0 0 0 0 0 0 1 0 0 0 0 0 0 0 0 0 0])
  ("~/Dropbox/config/emacs/e3_essEmacs/e03_colors.el" .
   [0 0 0 0 0 0 0 0 0 0 0 0 0 0 0 0 0 0 0 0 0 0 0 0 0 0 0 0 0 0 0 0 0 0 0 0 0 0 1 0 0 0 0 0 0 0 0 0])
  ("DONE" .
   [1 0 0 0])
  ("format" .
   [0 0 0 1 0 0])
  ("1280x960" .
   [1 0 0 0 0 0 0 0])
  ("/home/tian/Modis/" .
   [0 0 0 0 0 0 0 0 0 0 0 0 1 0 0 0 0])
  ("~/Ubuntu2/" .
   [0 0 0 0 0 0 1 0 0 0])
  ("require" .
   [0 0 0 1 0 0 0])
  ("'graphviz-dot-mode-hook" .
   [0 0 1 0 0 0 0 0 0 0 0 0 0 0 0 0 0 0 0 0 0 0 0])
  ("resampled.raster" .
   [0 0 1 0 0 0 0 0 0 0 0 0 0 0 0 0])
  ("union" .
   [0 0 0 0 1])
  ("function" .
   [0 0 1 0 0 0 0 0])
  ("cellStats" .
   [0 0 0 0 1 0 0 0 0])
  ("mean" .
   [1 0 0 0])
  ("mean.all" .
   [1 0 0 0 0 0 0 0])
  ("Hokkaido" .
   [0 0 1 0 1 0 0 0])
  ("Honshu" .
   [1 0 0 1 0 0])
  ("Shikoku" .
   [0 0 0 1 0 0 0])
  ("Area" .
   [1 0 0 0])
  ("Load" .
   [0 0 0 1])
  ("save" .
   [3 0 0 0])
  ("Images" .
   [0 0 0 0 0 1])
  ("image" .
   [1 0 0 0 0])
  ("Rdata" .
   [1 0 0 0 0])
  ("saveRDS" .
   [1 0 0 0 0 0 0])
  ("readRDS" .
   [1 0 0 0 0 0 0])
  ("obj" .
   [1 0 0])
  ("Save" .
   [1 0 0 0])
  ("object" .
   [1 0 0 0 0 0])
  ("objects" .
   [1 0 0 0 0 0 0])
  ("dot" .
   [2 0 0])
  ("file" .
   [1 0 1 0])
  ("png" .
   [1 0 0])
  ("note" .
   [3 0 0 0])
  ("config" .
   [3 0 0 0 0 0])
  ("->" .
   [1 0])
  ("src" .
   [1 0 0])
  ("label=" .
   [0 0 1 0 0 0])
  ("label" .
   [7 0 1 0 0])
  ("graphname" .
   [1 0 0 0 0 0 0 0 0])
  ("emacs" .
   [2 0 0 0 0])
  ("orgNote" .
   [1 0 0 0 0 0 0])
  ("htmlNote" .
   [0 0 1 0 0 0 0 0])
  ("figs" .
   [1 0 0 0])
  ("main" .
   [1 0 0 0])
  ("rnwPaper" .
   [0 0 0 1 0 0 0 0])
  ("pdf" .
   [1 0 0])
  ("the" .
   [2 0 0])
  ("thesis" .
   [1 0 0 0 0 0])
  ("Rnw" .
   [1 0 0])
  ("Dropbox" .
   [0 0 0 1 0 1 0])
  ("not" .
   [1 0 0])
  ("from" .
   [1 0 0 0])
  ("~/Dropbox" .
   [0 0 0 0 0 1 0 0 0])
  ("graphviz" .
   [0 0 0 1 0 0 0 0])
  ("knitr" .
   [1 0 0 0 0])
  ("<style" .
   [0 0 1 0 0 0])
  ("<s" .
   [0 1])
  ("ditaa" .
   [0 0 0 1 0])
  ("delconflictfile" .
   [0 0 0 0 1 0 0 0 0 0 0 0 0 0 0])
  ("Apply" .
   [1 0 0 0 0])
  ("Post" .
   [1 0 0 0])
  ("Visa" .
   [1 0 0 0])
  ("fee" .
   [1 0 0])))
