((("mesh3d" .
   [1 0 0 0 0 0])
  ("Based" .
   [0 0 1 0 0])
  ("Scatter" .
   [0 0 0 1 0 0 0])
  ("Grid" .
   [2 0 0 0])
  ("scatter" .
   [0 0 1 0 0 0 0])
  ("base" .
   [1 0 0 0])
  ("OpenGL" .
   [0 0 0 0 1 0])
  ("persp3d" .
   [0 0 0 0 0 1 0])
  ("sculpt3d" .
   [1 0 0 0 0 0 0 0])
  ("kde3d" .
   [1 0 0 1 0])
  ("playwith" .
   [0 0 0 0 0 1 0 0])
  ("vrmlgen" .
   [1 0 0 0 0 0 0])
  ("plot3D" .
   [2 0 0 0 0 1])
  ("akima" .
   [1 0 0 0 0])
  ("tkrplot" .
   [0 0 0 1 0 0 0])
  ("slices3d" .
   [0 0 0 0 0 0 1 0])
  ("image3d" .
   [0 0 0 0 2 0 0])
  ("misc3d" .
   [0 0 0 1 0 0])
  ("package" .
   [0 0 0 1 0 0 0])
  ("scatterplot3d" .
   [0 0 0 2 0 0 0 0 0 0 0 0 0])
  ("Functions" .
   [0 0 0 0 1 0 0 0 0])
  ("|------------------+---+---+---|" .
   [0 0 1 0 0 0 0 0 0 0 0 0 0 0 0 0 0 0 0 0 0 0 0 0 0 0 0 0 0 0 0 0])
  ("levelplot" .
   [0 0 0 3 1 0 0 0 0])
  ("contour" .
   [1 0 0 1 0 0 0])
  ("wireframe" .
   [0 0 0 0 0 1 0 0 0])
  ("persp" .
   [4 0 0 0 0])
  ("cloud" .
   [1 0 0 0 0])
  ("lattice" .
   [0 0 0 0 2 0 0])
  ("rgl" .
   [2 0 0])
  ("and" .
   [1 0 0])
  ("geothermaR" .
   [0 0 0 0 0 0 0 1 0 0])))
